1     1          17         1          -1                  
2     8          22         9          -1                  
3     17         1          4          -1                  
4     24         3          7          2                   
5     30         18         5          2                   
6     38         10         2          -1                  
7     42         24         6          6                   
8     48         12         4          -1                  
9     57         9          7          -1                  
10    66         9          7          -1                  
